-3.598663291272209333e-05
-3.440418487644242713e-05
-3.282394718277976704e-05
-3.124638868640551554e-05
-2.967198579774737516e-05
-2.810122465823896987e-05
-2.653460332269516841e-05
-2.497263394251556871e-05
-2.341584494337664717e-05
-2.186478319102955973e-05
-2.032001613879754859e-05
-1.878213395034988373e-05
-1.725175159133120257e-05
-1.572951088342813334e-05
-1.421608251448911836e-05
-1.271216799833689738e-05
-1.121850157796848343e-05
-9.735852065895046485e-06
-8.265024615444957942e-06
-6.806862416941222199e-06
-5.362248312759542075e-06
-3.932106325382247314e-06
-2.517403092685296264e-06
-1.119149204829669179e-06
2.615995627287888544e-07
1.623741125436836078e-06
2.966126080212123751e-06
4.287556815359245288e-06
5.586786744625235473e-06
6.862519669984497958e-06
8.113409277530428748e-06
9.338058770629294392e-06
1.053502064426230563e-05
1.170279660423726998e-05
1.283983763470674927e-05
1.394454421716238030e-05
1.501526670381518712e-05
1.605030584799118696e-05
1.704791349389025662e-05
1.800629342776430817e-05
1.892360239227500678e-05
1.979795126548521662e-05
2.062740640563105258e-05
2.140999116250442158e-05
2.214368755595617412e-05
2.282643812170598270e-05
2.345614792431582595e-05
2.403068673685297690e-05
2.454789138643165131e-05
2.500556826448787319e-05
2.540149600030076755e-05
2.573342829593481247e-05
2.599909692043541863e-05
2.619621486077018178e-05
2.632247962666648742e-05
2.637557670615715461e-05
2.635318316830733096e-05
2.625297140925976212e-05
2.607261303740271568e-05
2.580978289313453031e-05
2.546216319837242307e-05
2.502744783063206397e-05
2.450334671618814480e-05
2.388759033651240103e-05
2.317793434188546579e-05
2.237216426577572393e-05
2.146810033329006194e-05
2.046360235671853775e-05
1.935657471091768592e-05
1.814497138101364842e-05
1.682680107464927348e-05
1.540013239075069409e-05
1.386309903655463864e-05
1.221390508441152787e-05
1.045083025966461141e-05
8.572235250705783881e-06
6.576567032111204104e-06
4.462364191594865368e-06
2.228262251340150520e-06
-1.270010258708195894e-07
-2.604580355454275639e-06
-5.205517684590258885e-06
-7.930736990511396005e-06
-1.078103913355655588e-05
-1.375709677512155412e-05
-1.685944937068355648e-05
-2.008849824814137194e-05
-2.344450178173135721e-05
-2.692757067180243108e-05
-3.053766334072460309e-05
-3.427458145519513330e-05
-3.813796558516133835e-05
-4.212729100954453094e-05
-4.624186367885704314e-05
-5.048081634474231127e-05
-5.484310486635053758e-05
-5.932750470334656917e-05
-6.393260760521499945e-05
-6.865681850636407393e-05
-7.349835263636751465e-05
-7.845523285449140587e-05
-8.352528721745250981e-05
-8.870614678912619726e-05
-9.399524370069224589e-05
-9.938980946944826463e-05
-1.048868735842501299e-04
-1.104832623652559238e-04
-1.161755981053413819e-04
-1.219602985002497911e-04
-1.278335763741871413e-04
-1.337914397072513973e-04
-1.398296919707000109e-04
-1.459439327756992862e-04
-1.521295588408037717e-04
-1.583817652830139615e-04
-1.646955472368425051e-04
-1.710657018053994148e-04
-1.774868303470538116e-04
-1.839533411007983690e-04
-1.904594521529650805e-04
-1.969991947474751472e-04
-2.035664169413360257e-04
-2.101547876065883679e-04
-2.167578007794251492e-04
-2.233687803566954068e-04
-2.299808851394837255e-04
-2.365871142229508846e-04
-2.431803127310894371e-04
-2.497531778945110445e-04
-2.562982654688690195e-04
-2.628079964909549576e-04
-2.692746643689936949e-04
-2.756904423030968020e-04
-2.820473910313078705e-04
-2.883374668961149784e-04
-2.945525302257713377e-04
-3.006843540242141424e-04
-3.067246329628387446e-04
-3.126649926668326716e-04
-3.184969992882556397e-04
-3.242121693575048457e-04
-3.298019799042846770e-04
-3.352578788386822127e-04
-3.405712955824266065e-04
-3.457336519399126229e-04
-3.507363731980614138e-04
-3.555708994436082831e-04
-3.602286970859209765e-04
-3.647012705729849600e-04
-3.689801742877346158e-04
-3.730570246114564711e-04
-3.769235121405631762e-04
-3.805714140426128705e-04
-3.839926065370413417e-04
-3.871790774856829370e-04
-3.901229390777830540e-04
-3.928164405938414550e-04
-3.952519812322820053e-04
-3.974221229826280732e-04
-3.993196035285404878e-04
-4.009373491638014149e-04
-4.022684877040510316e-04
-4.033063613768362015e-04
-4.040445396723051585e-04
-4.044768321366665610e-04
-4.045973010903656684e-04
-4.044002742527329003e-04
-4.038803572547662590e-04
-4.030324460215378452e-04
-4.018517390056674772e-04
-4.003337492532089048e-04
-3.984743162832501940e-04
-3.962696177625202668e-04
-3.937161809562777495e-04
-3.908108939368074518e-04
-3.875510165308773377e-04
-3.839341909876137454e-04
-3.799584523483289975e-04
-3.756222384999922601e-04
-3.709243998941588716e-04
-3.658642089133919899e-04
-3.604413688673733596e-04
-3.546560226011701358e-04
-3.485087606983640319e-04
-3.420006292620321486e-04
-3.351331372568880297e-04
-3.279082633962220614e-04
-3.203284625576287964e-04
-3.123966717119285334e-04
-3.041163153500483747e-04
-2.954913103931166391e-04
-2.865260705714454438e-04
-2.772255102585772287e-04
-2.675950477470720587e-04
-2.576406079532414127e-04
-2.473686245385910165e-04
-2.367860414363016073e-04
-2.259003137716843234e-04
-2.147194081661399270e-04
-2.032518024148365575e-04
-1.915064845289043635e-04
-1.794929511337111879e-04
-1.672212052153874658e-04
-1.547017532085587102e-04
-1.419456014189229474e-04
-1.289642517750802704e-04
-1.157696969047756097e-04
-1.023744145315006300e-04
-8.879136118816727654e-05
-7.503396524541866661e-05
-6.111611925288725768e-05
-4.705217159260891946e-05
-3.285691744458798380e-05
-1.854558906537889942e-05
-4.133845381395966199e-06
1.036223910046572967e-05
2.492618606147257285e-05
3.954112581460570200e-05
5.418981041787024160e-05
6.885462745124960990e-05
8.351761445036211197e-05
9.816047398897008469e-05
1.127645894016122128e-04
1.273110411367476148e-04
1.417806237299194263e-04
1.561538633855659160e-04
1.704110361552335705e-04
1.845321866990954479e-04
1.984971476167736839e-04
2.122855593326841912e-04
2.258768905201899413e-04
2.392504590481036350e-04
2.523854534321849641e-04
2.652609547735167769e-04
2.778559591648223576e-04
2.901494005450151411e-04
3.021201739814976259e-04
3.137471593589939538e-04
3.250092454529336043e-04
3.358853543647419911e-04
3.463544662956468951e-04
3.563956446349790964e-04
3.659880613382705426e-04
3.751110225698390849e-04
3.837439945839352584e-04
3.918666298179625316e-04
3.994587931707072243e-04
4.065005884380114938e-04
4.129723848778091505e-04
4.188548438759742243e-04
4.241289456840006879e-04
4.287760161991052243e-04
4.327777537569779697e-04
4.361162559070462150e-04
4.387740461398066671e-04
4.407341005354876756e-04
4.419798743030626783e-04
4.424953281784067024e-04
4.422649546502128233e-04
4.412738039821382987e-04
4.395075099995241169e-04
4.369523156089741224e-04
4.335950980190248611e-04
4.294233936301360935e-04
4.244254225622696021e-04
4.185901127883896733e-04
4.119071238423216365e-04
4.043668700695662779e-04
3.959605433898225014e-04
3.866801355402251254e-04
3.765184597685286442e-04
3.654691719457913660e-04
3.535267910684344482e-04
3.406867191199158883e-04
3.269452602626909911e-04
3.122996393315440175e-04
2.967480195999019411e-04
2.802895197912054926e-04
2.629242303080368479e-04
2.446532286522251957e-04
2.254785940098467749e-04
2.054034209756387056e-04
1.844318323921054215e-04
1.625689912792661429e-04
1.398211118318195634e-04
1.161954694612462257e-04
9.170040986125567234e-05
6.634535707578921397e-05
4.014082054974475391e-05
1.309840114345576243e-05
-1.476920390702775459e-05
-4.344819710089723006e-05
-7.292367787074141116e-05
-1.031796408828920532e-04
-1.341989754538188253e-04
-1.659634660954277801e-04
-1.984537942009260449e-04
-2.316495408818625232e-04
-2.655291909657266016e-04
-3.000701381623809959e-04
-3.352486914063847949e-04
-3.710400823810251227e-04
-4.074184742287283298e-04
-4.443569714511965839e-04
-4.818276310014188608e-04
-5.198014745684297663e-04
-5.582485020543898275e-04
-5.971377062423074457e-04
-6.364370886514003536e-04
-6.761136765758258508e-04
-7.161335413011681505e-04
-7.564618174917703969e-04
-7.970627237407310484e-04
-8.378995842729872190e-04
-8.789348517906764562e-04
-9.201301314486052705e-04
-9.614462059463677306e-04
-1.002843061722361387e-03
-1.044279916233620611e-03
-1.085715246304144949e-03
-1.127106817523073875e-03
-1.168411714672847003e-03
-1.209586373166173434e-03
-1.250586611469443367e-03
-1.291367664488960679e-03
-1.331884217895191666e-03
-1.372090443358998241e-03
-1.411940034672696338e-03
-1.451386244727602805e-03
-1.490381923318616917e-03
-1.528879555745287595e-03
-1.566831302177726501e-03
-1.604189037754691089e-03
-1.640904393380127838e-03
-1.676928797183499173e-03
-1.712213516608211911e-03
-1.746709701091576439e-03
-1.780368425298826159e-03
-1.813140732872827723e-03
-1.844977680660334551e-03
-1.875830383374817991e-03
-1.905650058655159341e-03
-1.934388072478795094e-03
-1.961995984887197203e-03
-1.988425595980981408e-03
-2.013628992141304822e-03
-2.037558592433697663e-03
-2.060167195149956425e-03
-2.081408024443251112e-03
-2.101234777011212751e-03
-2.119601668781384042e-03
-2.136463481553071194e-03
-2.151775609549403008e-03
-2.165494105833129599e-03
-2.177575728539545702e-03
-2.187977986879765212e-03
-2.196659186867508991e-03
-2.203578476722517672e-03
-2.208695891903734564e-03
-2.211972399725443267e-03
-2.213369943509683330e-03
-2.212851486228414356e-03
-2.210381053589123568e-03
-2.205923776517832498e-03
-2.199445932993765538e-03
-2.190914989190328576e-03
-2.180299639877435018e-03
-2.167569848040696093e-03
-2.152696883673501510e-03
-2.135653361698584222e-03
-2.116413278976257608e-03
-2.094952050357193427e-03
-2.071246543738301023e-03
-2.045275114081030257e-03
-2.017017636352214701e-03
-1.986455537348428158e-03
-1.953571826365699260e-03
-1.918351124677400996e-03
-1.880779693784062059e-03
-1.840845462399928485e-03
-1.798538052142102184e-03
-1.753848801889253909e-03
-1.706770790778011030e-03
-1.657298859806304037e-03
-1.605429632014215716e-03
-1.551161531214089112e-03
-1.494494799242965504e-03
-1.435431511711771730e-03
-1.373975592226982668e-03
-1.310132825061935749e-03
-1.243910866256364364e-03
-1.175319253124160060e-03
-1.104369412150894370e-03
-1.031074665264069407e-03
-9.554502344606759668e-04
-8.775132447780958087e-04
-7.972827255960584581e-04
-7.147796102588515037e-04
-6.300267340086911777e-04
-5.430488302226966569e-04
-4.538725249476356204e-04
-3.625263297281816123e-04
-2.690406327261598359e-04
-1.734476881298905476e-04
-7.578160385441519973e-05
2.392167246487139878e-05
1.256243691810395144e-04
2.292869080409855971e-04
3.348679232797877243e-04
4.423242823947698562e-04
5.516111085883520972e-04
6.626818048669970863e-04
7.754880797819892419e-04
8.899799747959961449e-04
1.006105893257819035e-03
1.123812630965972037e-03
1.243045408300216250e-03
1.363747903898432021e-03
1.485862289854741457e-03
1.609329268413061146e-03
1.734088110128877754e-03
1.860076693470321318e-03
1.987231545828248812e-03
2.115487885903445317e-03
2.244779667437683379e-03
2.375039624253858905e-03
2.506199316569114426e-03
2.638189178543404439e-03
2.770938567024679514e-03
2.904375811450558061e-03
3.038428264865063611e-03
3.173022356007819747e-03
3.308083642431877084e-03
3.443536864605231240e-03
3.579306000949964046e-03
3.715314323771917639e-03
3.851484456032735083e-03
3.987738428915243820e-03
4.123997740132084866e-03
4.260183412926795907e-03
4.396216055715581120e-03
4.532015922317318354e-03
4.667502972718610109e-03
4.802596934320018177e-03
4.937217363608994297e-03
5.071283708204477048e-03
5.204715369217588310e-03
5.337431763872481014e-03
5.469352388330866836e-03
5.600396880663568652e-03
5.730485083912001919e-03
5.859537109182406771e-03
5.987473398715346430e-03
6.114214788873006609e-03
6.239682572986668396e-03
6.363798564006770478e-03
6.486485156898093643e-03
6.607665390722605725e-03
6.727263010352787891e-03
6.845202527758424520e-03
6.961409282810208411e-03
7.075809503543774998e-03
7.188330365828265837e-03
7.298900052383930186e-03
7.407447811093850233e-03
7.513904012555391691e-03
7.618200206817680488e-03
7.720269179252018700e-03
7.820045005503010668e-03
7.917463105468810353e-03
8.012460296259899320e-03
8.104974844086636557e-03
8.194946515026750242e-03
8.282316624625009338e-03
8.367028086278321605e-03
8.449025458360626128e-03
8.528254990043062159e-03
8.604664665766131176e-03
8.678204248321833708e-03
8.748825320504896932e-03
8.816481325293754751e-03
8.881127604523125080e-03
8.942721436011491498e-03
9.001222069108328130e-03
9.056590758627193830e-03
9.108790797132513065e-03
9.157787545549375338e-03
9.203548462067133451e-03
9.246043129309381575e-03
9.285243279744406775e-03
9.321122819311867744e-03
9.353657849243293340e-03
9.382826686055448923e-03
9.408609879697642925e-03
9.430990229835565716e-03
9.449952800256190485e-03
9.465484931379919073e-03
9.477576250868105512e-03
9.486218682315757100e-03
9.491406452021173071e-03
9.493136093826012173e-03
9.491406452021173071e-03
9.486218682315757100e-03
9.477576250868105512e-03
9.465484931379919073e-03
9.449952800256190485e-03
9.430990229835565716e-03
9.408609879697642925e-03
9.382826686055448923e-03
9.353657849243293340e-03
9.321122819311867744e-03
9.285243279744406775e-03
9.246043129309381575e-03
9.203548462067133451e-03
9.157787545549373603e-03
9.108790797132513065e-03
9.056590758627192095e-03
9.001222069108328130e-03
8.942721436011491498e-03
8.881127604523125080e-03
8.816481325293754751e-03
8.748825320504896932e-03
8.678204248321833708e-03
8.604664665766131176e-03
8.528254990043060424e-03
8.449025458360626128e-03
8.367028086278321605e-03
8.282316624625009338e-03
8.194946515026748507e-03
8.104974844086636557e-03
8.012460296259899320e-03
7.917463105468810353e-03
7.820045005503010668e-03
7.720269179252018700e-03
7.618200206817680488e-03
7.513904012555391691e-03
7.407447811093850233e-03
7.298900052383930186e-03
7.188330365828265837e-03
7.075809503543774998e-03
6.961409282810207544e-03
6.845202527758424520e-03
6.727263010352787891e-03
6.607665390722605725e-03
6.486485156898093643e-03
6.363798564006769611e-03
6.239682572986668396e-03
6.114214788873006609e-03
5.987473398715345563e-03
5.859537109182405903e-03
5.730485083912001919e-03
5.600396880663568652e-03
5.469352388330866836e-03
5.337431763872480146e-03
5.204715369217588310e-03
5.071283708204477048e-03
4.937217363608993430e-03
4.802596934320018177e-03
4.667502972718610109e-03
4.532015922317318354e-03
4.396216055715581120e-03
4.260183412926795039e-03
4.123997740132084866e-03
3.987738428915243820e-03
3.851484456032734649e-03
3.715314323771917639e-03
3.579306000949963613e-03
3.443536864605231240e-03
3.308083642431876650e-03
3.173022356007818880e-03
3.038428264865063178e-03
2.904375811450558061e-03
2.770938567024679080e-03
2.638189178543404439e-03
2.506199316569114426e-03
2.375039624253858905e-03
2.244779667437683379e-03
2.115487885903445317e-03
1.987231545828248812e-03
1.860076693470320884e-03
1.734088110128877537e-03
1.609329268413060929e-03
1.485862289854741241e-03
1.363747903898431804e-03
1.243045408300216250e-03
1.123812630965971820e-03
1.006105893257819035e-03
8.899799747959961449e-04
7.754880797819891335e-04
6.626818048669970863e-04
5.516111085883519888e-04
4.423242823947697478e-04
3.348679232797877243e-04
2.292869080409855429e-04
1.256243691810395144e-04
2.392167246487139200e-05
-7.578160385441517263e-05
-1.734476881298905205e-04
-2.690406327261597817e-04
-3.625263297281815038e-04
-4.538725249476355662e-04
-5.430488302226966569e-04
-6.300267340086911777e-04
-7.147796102588512869e-04
-7.972827255960582412e-04
-8.775132447780957003e-04
-9.554502344606757500e-04
-1.031074665264069407e-03
-1.104369412150894153e-03
-1.175319253124160060e-03
-1.243910866256363931e-03
-1.310132825061935532e-03
-1.373975592226982451e-03
-1.435431511711771730e-03
-1.494494799242965070e-03
-1.551161531214088896e-03
-1.605429632014215499e-03
-1.657298859806304037e-03
-1.706770790778011030e-03
-1.753848801889253692e-03
-1.798538052142101750e-03
-1.840845462399927834e-03
-1.880779693784061842e-03
-1.918351124677400345e-03
-1.953571826365699260e-03
-1.986455537348427725e-03
-2.017017636352214701e-03
-2.045275114081029823e-03
-2.071246543738300590e-03
-2.094952050357192994e-03
-2.116413278976257608e-03
-2.135653361698583354e-03
-2.152696883673501510e-03
-2.167569848040695659e-03
-2.180299639877435018e-03
-2.190914989190328142e-03
-2.199445932993765104e-03
-2.205923776517831631e-03
-2.210381053589123568e-03
-2.212851486228414356e-03
-2.213369943509682896e-03
-2.211972399725443267e-03
-2.208695891903734131e-03
-2.203578476722517672e-03
-2.196659186867508124e-03
-2.187977986879765212e-03
-2.177575728539544401e-03
-2.165494105833128732e-03
-2.151775609549403008e-03
-2.136463481553070760e-03
-2.119601668781384042e-03
-2.101234777011212317e-03
-2.081408024443250678e-03
-2.060167195149955558e-03
-2.037558592433697663e-03
-2.013628992141304822e-03
-1.988425595980980974e-03
-1.961995984887197203e-03
-1.934388072478794660e-03
-1.905650058655159341e-03
-1.875830383374817558e-03
-1.844977680660334117e-03
-1.813140732872827073e-03
-1.780368425298825942e-03
-1.746709701091576439e-03
-1.712213516608211694e-03
-1.676928797183499173e-03
-1.640904393380127621e-03
-1.604189037754691089e-03
-1.566831302177725633e-03
-1.528879555745287378e-03
-1.490381923318616049e-03
-1.451386244727602371e-03
-1.411940034672696338e-03
-1.372090443358997807e-03
-1.331884217895191666e-03
-1.291367664488960679e-03
-1.250586611469443150e-03
-1.209586373166173000e-03
-1.168411714672846786e-03
-1.127106817523073875e-03
-1.085715246304144515e-03
-1.044279916233620611e-03
-1.002843061722361170e-03
-9.614462059463677306e-04
-9.201301314486048369e-04
-8.789348517906762394e-04
-8.378995842729870022e-04
-7.970627237407309400e-04
-7.564618174917703969e-04
-7.161335413011678253e-04
-6.761136765758258508e-04
-6.364370886514001367e-04
-5.971377062423073373e-04
-5.582485020543897190e-04
-5.198014745684296578e-04
-4.818276310014185898e-04
-4.443569714511965297e-04
-4.074184742287283298e-04
-3.710400823810250143e-04
-3.352486914063847407e-04
-3.000701381623808333e-04
-2.655291909657265473e-04
-2.316495408818624148e-04
-1.984537942009260449e-04
-1.659634660954276717e-04
-1.341989754538187982e-04
-1.031796408828920532e-04
-7.292367787074139761e-05
-4.344819710089722328e-05
-1.476920390702774951e-05
1.309840114345576073e-05
4.014082054974474036e-05
6.634535707578920042e-05
9.170040986125567234e-05
1.161954694612461850e-04
1.398211118318195634e-04
1.625689912792660887e-04
1.844318323921053672e-04
2.054034209756385972e-04
2.254785940098467749e-04
2.446532286522250330e-04
2.629242303080367936e-04
2.802895197912054926e-04
2.967480195999018327e-04
3.122996393315440175e-04
3.269452602626907742e-04
3.406867191199158883e-04
3.535267910684342313e-04
3.654691719457913660e-04
3.765184597685283731e-04
3.866801355402249628e-04
3.959605433898225014e-04
4.043668700695661694e-04
4.119071238423215823e-04
4.185901127883894022e-04
4.244254225622695479e-04
4.294233936301358767e-04
4.335950980190246985e-04
4.369523156089741224e-04
4.395075099995239543e-04
4.412738039821382987e-04
4.422649546502126065e-04
4.424953281784065940e-04
4.419798743030625156e-04
4.407341005354875672e-04
4.387740461398063961e-04
4.361162559070460524e-04
4.327777537569779697e-04
4.287760161991051159e-04
4.241289456840006879e-04
4.188548438759739532e-04
4.129723848778090421e-04
4.065005884380112769e-04
3.994587931707071159e-04
3.918666298179622064e-04
3.837439945839350957e-04
3.751110225698390849e-04
3.659880613382703800e-04
3.563956446349790422e-04
3.463544662956467867e-04
3.358853543647419369e-04
3.250092454529334958e-04
3.137471593589937911e-04
3.021201739814976259e-04
2.901494005450149785e-04
2.778559591648223576e-04
2.652609547735166684e-04
2.523854534321849099e-04
2.392504590481034723e-04
2.258768905201899142e-04
2.122855593326840285e-04
1.984971476167736025e-04
1.845321866990954479e-04
1.704110361552335163e-04
1.561538633855659160e-04
1.417806237299193178e-04
1.273110411367475877e-04
1.127645894016121315e-04
9.816047398897005758e-05
8.351761445036203066e-05
6.885462745124958279e-05
5.418981041787024160e-05
3.954112581460568845e-05
2.492618606147256946e-05
1.036223910046572289e-05
-4.133845381395965352e-06
-1.854558906537888925e-05
-3.285691744458797703e-05
-4.705217159260891946e-05
-6.111611925288721703e-05
-7.503396524541866661e-05
-8.879136118816723588e-05
-1.023744145315006029e-04
-1.157696969047755284e-04
-1.289642517750802704e-04
-1.419456014189228389e-04
-1.547017532085586289e-04
-1.672212052153874658e-04
-1.794929511337111066e-04
-1.915064845289043635e-04
-2.032518024148363949e-04
-2.147194081661398728e-04
-2.259003137716841607e-04
-2.367860414363015531e-04
-2.473686245385907996e-04
-2.576406079532412500e-04
-2.675950477470720587e-04
-2.772255102585771203e-04
-2.865260705714454438e-04
-2.954913103931164223e-04
-3.041163153500482663e-04
-3.123966717119282623e-04
-3.203284625576286880e-04
-3.279082633962217361e-04
-3.351331372568879213e-04
-3.420006292620321486e-04
-3.485087606983638692e-04
-3.546560226011700274e-04
-3.604413688673729259e-04
-3.658642089133919899e-04
-3.709243998941584380e-04
-3.756222384999919890e-04
-3.799584523483289975e-04
-3.839341909876135828e-04
-3.875510165308773377e-04
-3.908108939368070724e-04
-3.937161809562777495e-04
-3.962696177625198873e-04
-3.984743162832501940e-04
-4.003337492532084711e-04
-4.018517390056672062e-04
-4.030324460215378452e-04
-4.038803572547660964e-04
-4.044002742527329003e-04
-4.045973010903651805e-04
-4.044768321366665610e-04
-4.040445396723046164e-04
-4.033063613768362015e-04
-4.022684877040505437e-04
-4.009373491638011980e-04
-3.993196035285404878e-04
-3.974221229826279105e-04
-3.952519812322820053e-04
-3.928164405938410213e-04
-3.901229390777830540e-04
-3.871790774856825575e-04
-3.839926065370411791e-04
-3.805714140426128705e-04
-3.769235121405628509e-04
-3.730570246114564711e-04
-3.689801742877343990e-04
-3.647012705729849600e-04
-3.602286970859205971e-04
-3.555708994436082831e-04
-3.507363731980609801e-04
-3.457336519399124061e-04
-3.405712955824266065e-04
-3.352578788386819959e-04
-3.298019799042846770e-04
-3.242121693575046289e-04
-3.184969992882556397e-04
-3.126649926668322380e-04
-3.067246329628385820e-04
-3.006843540242137088e-04
-2.945525302257711209e-04
-2.883374668961149784e-04
-2.820473910313076537e-04
-2.756904423030968020e-04
-2.692746643689933154e-04
-2.628079964909549576e-04
-2.562982654688686942e-04
-2.497531778945108276e-04
-2.431803127310894371e-04
-2.365871142229507491e-04
-2.299808851394837255e-04
-2.233687803566952442e-04
-2.167578007794251492e-04
-2.101547876065880426e-04
-2.035664169413360257e-04
-1.969991947474748761e-04
-1.904594521529649179e-04
-1.839533411007983690e-04
-1.774868303470537303e-04
-1.710657018053994148e-04
-1.646955472368423696e-04
-1.583817652830139615e-04
-1.521295588408035819e-04
-1.459439327756992049e-04
-1.398296919706997941e-04
-1.337914397072513160e-04
-1.278335763741871413e-04
-1.219602985002497098e-04
-1.161755981053413819e-04
-1.104832623652558560e-04
-1.048868735842501299e-04
-9.938980946944812910e-05
-9.399524370069221879e-05
-8.870614678912606174e-05
-8.352528721745248270e-05
-7.845523285449140587e-05
-7.349835263636746044e-05
-6.865681850636407393e-05
-6.393260760521490458e-05
-5.932750470334656917e-05
-5.484310486635046304e-05
-5.048081634474227739e-05
-4.624186367885704314e-05
-4.212729100954451739e-05
-3.813796558516133835e-05
-3.427458145519510620e-05
-3.053766334072460309e-05
-2.692757067180239381e-05
-2.344450178173133689e-05
-2.008849824814134145e-05
-1.685944937068354293e-05
-1.375709677512155412e-05
-1.078103913355654741e-05
-7.930736990511396005e-06
-5.205517684590254650e-06
-2.604580355454275639e-06
-1.270010258708193776e-07
2.228262251340148403e-06
4.462364191594857745e-06
6.576567032111199022e-06
8.572235250705783881e-06
1.045083025966460294e-05
1.221390508441152787e-05
1.386309903655462678e-05
1.540013239075069409e-05
1.682680107464924299e-05
1.814497138101364164e-05
1.935657471091768592e-05
2.046360235671852080e-05
2.146810033329006194e-05
2.237216426577570360e-05
2.317793434188546579e-05
2.388759033651236715e-05
2.450334671618813125e-05
2.502744783063202670e-05
2.546216319837241290e-05
2.580978289313453031e-05
2.607261303740270213e-05
2.625297140925976212e-05
2.635318316830731741e-05
2.637557670615715461e-05
2.632247962666646031e-05
2.619621486077015467e-05
2.599909692043539153e-05
2.573342829593478536e-05
2.540149600030076755e-05
2.500556826448784608e-05
2.454789138643165131e-05
2.403068673685296335e-05
2.345614792431582595e-05
2.282643812170594543e-05
2.214368755595616395e-05
2.140999116250442158e-05
2.062740640563104241e-05
1.979795126548521662e-05
1.892360239227499662e-05
1.800629342776430817e-05
1.704791349389023629e-05
1.605030584799117680e-05
1.501526670381517865e-05
1.394454421716237183e-05
1.283983763470674927e-05
1.170279660423726321e-05
1.053502064426230563e-05
9.338058770629289310e-06
8.113409277530428748e-06
6.862519669984493723e-06
5.586786744625231238e-06
4.287556815359242747e-06
2.966126080212121633e-06
1.623741125436836078e-06
2.615995627287886956e-07
-1.119149204829669179e-06
-2.517403092685294570e-06
-3.932106325382247314e-06
-5.362248312759538687e-06
-6.806862416941217964e-06
-8.265024615444952860e-06
-9.735852065895046485e-06
-1.121850157796848343e-05
-1.271216799833688891e-05
-1.421608251448911836e-05
-1.572951088342812318e-05
-1.725175159133120257e-05
-1.878213395034988373e-05
-2.032001613879754859e-05
-2.186478319102955973e-05
-2.341584494337664717e-05
-2.497263394251556871e-05
-2.653460332269515147e-05
-2.810122465823896987e-05
-2.967198579774735483e-05
-3.124638868640551554e-05
-3.282394718277976704e-05
-3.440418487644242713e-05
-3.598663291272209333e-05
