1765 
1765 
1765 
1765 
1764 
1764 
1764 
1764 
1764 
1764 
1764 
1764 
1764 
1764 
1764 
1764 
1764 
1764 
1764 
1763 
1763 
1763 
1763 
1763 
1763 
1763 
1763 
1763 
1763 
1763 
1763 
1763 
1763 
1763 
1763 
1763 
1763 
1763 
1763 
1763 
1763 
1763 
1763 
1763 
1763 
1764 
1764 
1764 
1764 
1764 
1764 
1764 
1764 
1764 
1764 
1764 
1764 
1764 
1764 
1764 
1764 
1764 
1764 
1764 
1764 
1765 
1765 
1765 
1765 
1765 
1765 
1765 
1765 
1765 
1765 
1765 
1765 
1765 
1766 
1766 
1766 
1766 
1766 
1766 
1766 
1766 
1766 
1766 
1766 
1766 
1766 
1767 
1767 
1767 
1767 
1767 
1767 
1767 
1767 
1767 
1767 
1767 
1767 
1767 
1767 
1768 
1768 
1768 
1768 
1768 
1768 
1768 
1768 
1768 
1768 
1768 
1768 
1768 
1768 
1768 
1768 
1768 
1768 
1769 
1769 
1769 
1769 
1769 
1769 
1769 
1769 
1769 
1769 
1769 
1769 
1769 
1769 
1769 
1769 
1769 
1769 
1769 
1769 
1769 
1769 
1769 
1769 
1769 
1769 
1769 
1769 
1769 
1769 
1769 
1769 
1769 
1769 
1769 
1769 
1769 
1769 
1769 
1769 
1769 
1769 
1769 
1769 
1769 
1769 
1769 
1769 
1769 
1769 
1769 
1769 
1769 
1769 
1769 
1769 
1769 
1769 
1769 
1769 
1769 
1769 
1769 
1769 
1769 
1769 
1769 
1769 
1768 
1768 
1768 
1768 
1768 
1768 
1768 
1768 
1768 
1768 
1768 
1768 
1768 
1768 
1768 
1768 
1768 
1768 
1768 
1768 
1768 
1768 
1768 
1768 
1768 
1768 
1768 
1768 
1768 
1768 
1768 
1768 
1768 
1768 
1768 
1768 
1768 
1768 
1768 
1768 
1768 
1768 
1768 
1768 
1768 
1768 
1768 
1768 
1768 
1768 
1768 
1768 
1768 
1768 
1768 
1768 
1768 
1768 
1768 
1768 
1768 
1768 
1768 
1768 
1768 
1768 
1768 
1768 
1768 
1768 
1768 
1768 
1768 
1768 
1768 
1768 
1768 
1768 
1768 
1768 
1768 
1768 
1768 
1769 
1769 
1769 
1769 
1769 
1769 
1769 
1769 
1769 
1769 
1769 
1769 
1769 
1769 
1770 
1770 
1770 
1770 
1770 
1770 
1770 
1770 
1770 
1770 
1770 
1770 
1771 
1771 
1771 
1771 
1771 
1771 
1771 
1771 
1771 
1771 
1772 
1772 
1772 
1772 
1772 
1772 
1772 
1772 
1772 
1773 
1773 
1773 
1773 
1773 
1773 
1773 
1773 
1774 
1774 
1774 
1774 
1774 
1774 
1774 
1774 
1775 
1775 
1775 
1775 
1775 
1775 
1775 
1775 
1776 
1776 
1776 
1776 
1776 
1776 
1776 
1776 
1777 
1777 
1777 
1777 
1777 
1777 
1777 
1778 
1778 
1778 
1778 
1778 
1778 
1778 
1778 
1779 
1779 
1779 
1779 
1779 
1779 
1779 
1780 
1780 
1780 
1780 
1780 
1780 
1780 
1780 
1781 
1781 
1781 
1781 
1781 
1781 
1781 
1781 
1782 
1782 
1782 
1782 
1782 
1782 
1782 
1783 
1783 
1783 
1783 
1783 
1783 
1783 
1783 
1784 
1784 
1784 
1784 
1784 
1784 
1784 
1784 
1785 
1785 
1785 
1785 
1785 
1785 
1785 
1785 
1786 
1786 
1786 
1786 
1786 
1786 
1786 
1786 
1786 
1787 
1787 
1787 
1787 
1787 
1787 
1787 
1787 
1787 
1788 
1788 
1788 
1788 
1788 
1788 
1788 
1788 
1788 
1788 
1789 
1789 
1789 
1789 
1789 
1789 
1789 
1789 
1789 
1789 
1789 
1790 
1790 
1790 
1790 
1790 
1790 
1790 
1790 
1790 
1790 
1790 
1790 
1791 
1791 
1791 
1791 
1791 
1791 
1791 
1791 
1791 
1791 
1791 
1791 
1791 
1791 
1791 
1791 
1792 
1792 
1792 
1792 
1792 
1792 
1792 
1792 
1792 
1792 
1792 
1792 
1792 
1792 
1792 
1792 
1792 
1792 
1792 
1792 
1792 
1792 
1792 
1792 
1792 
1792 
1792 
1792 
1792 
1792 
1792 
1792 
1792 
1792 
1792 
1792 
1792 
1792 
1792 
1792 
1792 
1792 
1792 
1792 
1792 
1792 
1792 
1792 
1792 
1792 
1792 
1792 
1792 
1792 
1792 
1792 
1791 
1791 
1791 
1791 
1791 
1791 
1791 
1791 
1791 
1791 
1791 
1791 
1791 
1790 
1790 
1790 
1790 
1790 
1790 
1790 
1790 
1790 
1789 
1789 
1789 
1789 
1789 
1789 
1789 
1789 
1788 
1788 
1788 
1788 
1788 
1788 
1788 
1787 
1787 
1787 
1787 
1787 
1787 
1786 
1786 
1786 
1786 
1786 
1786 
1785 
1785 
1785 
1785 
1785 
1784 
1784 
1784 
1784 
1784 
1784 
1783 
1783 
1783 
1783 
1783 
1782 
1782 
1782 
1782 
1782 
1781 
1781 
1781 
1781 
1781 
1780 
1780 
1780 
1780 
1780 
1779 
1779 
1779 
1779 
1779 
1778 
1778 
1778 
1778 
1778 
1777 
1777 
1777 
1777 
1777 
1777 
1776 
1776 
1776 
1776 
1776 
1775 
1775 
1775 
1775 
1775 
1775 
1774 
1774 
1774 
1774 
1774 
1774 
1773 
1773 
1773 
1773 
1773 
1773 
1773 
1772 
1772 
1772 
1772 
1772 
1772 
1772 
1772 
1771 
1771 
1771 
1771 
1771 
1771 
1771 
1771 
1771 
1771 
1771 
1770 
1770 
1770 
1770 
1770 
1770 
1770 
1770 
1770 
1770 
1770 
1770 
1770 
1770 
1770 
1770 
1770 
1770 
1770 